Dw = 3.1;
r = 8.87 *Dw^(-0.19)